
*********************************************************
LOG : 2020-03-08 00:07:34.364269 
*********************************************************
Total Frame Count : 236 
FPS : 4 
Execution time (s) : 53.105693340301514 
/nResults : 53.105693340301514 
ros = 0/6(0.0%)
daniel = 0/6(0.0%)
izzat = 0/6(0.0%)
rashdan = 0/6(0.0%)
adiy = 0/6(0.0%)
mustaien = 0/6(0.0%)
Unknown = 0/6(0.0%)
